[nu.jpg]
filters=finetune2=1,0.000000,0.000000,0.000000,007c8080,0.000000;dir_tint=1,0.502052,1.024390,0.000000,0.000000,ffcb94fb,0;
moddate=00009f1a61cf0000
width=2332
height=1175
textactive=0
